4294967278,284
4294967278,283
4294967279,282
4294967279,257
4294967278,567
4294967279,256
156,4
156,3
156,2
156,1
4294967294,1052
155,4
155,3
155,2
155,1
4294967294,413
4294967294,178
4294967294,1081
4294967294,406
4294967294,400
4294967294,462
4294967294,453
154,4
154,3
154,2
154,1
153,4
153,3
153,2
153,1
152,4
152,3
152,2
152,1
4294967294,200
4294967294,89
151,4
151,3
151,2
151,1
150,6
150,5
4294967294,83
4294967279,211
150,4
150,3
150,2
150,1
4294967279,206
149,5
149,4
149,3
149,2
149,1
4294967279,201
4294967279,200
148,5
4294967294,82
4294967279,198
148,4
148,3
148,2
148,1
4294967294,1425
4294967279,196
4294967278,194
4294967294,1423
4294967294,88
4294967294,86
147,4
147,3
147,2
147,1
4294967294,84
4294967279,308
4294967278,183
4294967294,99
4294967294,92
4294967294,90
4294967278,299
145,5
4294967278,178
4294967279,179
145,4
145,3
145,2
145,1
4294967279,178
4294967294,1424
4294967278,176
4294967278,570
4294967279,381
4294967279,382
4294967294,469
4294967278,170
4294967279,303
4294967279,169
4294967294,107
4294967278,165
4294967294,470
4294967279,164
4294967278,294
4294967279,159
4294967278,293
4294967279,157
14,4
4294967278,291
4294967294,1037
4294967294,186
4294967294,1033
4294967294,410
4294967294,460
4294967279,153
4294967279,298
4294967278,290
4294967278,149
4294967279,297
4294967279,147
4294967279,296
4294967278,146
4294967279,146
4294967278,289
4294967279,295
4294967279,294
4294967279,293
4294967278,287
4294967279,292
4294967278,137
4294967279,275
144,4
144,3
144,2
144,1
4294967278,281
143,4
143,3
143,2
143,1
142,4
142,3
142,2
142,1
4294967278,277
141,4
141,3
141,2
141,1
4294967278,258
140,4
140,3
140,2
140,1
4294967294,1084
4294967294,422
4294967294,1032
4294967294,1046
4294967294,401
4294967294,1041
139,4
139,3
139,2
139,1
4294967279,378
4294967278,566
138,6
138,5
138,4
138,3
138,2
138,1
4294967279,248
4294967294,1426
4294967278,245
137,5
4294967279,240
4294967279,238
137,4
137,3
137,2
137,1
4294967279,236
136,5
4294967294,425
136,4
136,3
136,2
136,1
135,4
135,3
135,2
135,1
4294967279,209
4294967279,205
133,5
4294967294,17
133,4
133,3
133,2
133,1
4294967279,202
0,7
4294967279,199
4294967279,194
4294967294,22
4294967294,420
4294967294,411
4294967294,191
4294967294,463
4294967294,466
4294967294,408
4294967294,180
4294967294,392
4294967294,440
4294967279,370
4294967294,203
4294967279,369
4294967294,1
4294967294,2
4294967294,46
4294967294,0
4294967294,91
4294967294,87
4294967294,85
4294967294,419
4294967294,1051
4294967294,28
4294967294,27
4294967294,53
4294967294,96
4294967294,94
4294967279,368
4294967294,9
4294967294,8
4294967278,563
4294967294,93
4294967294,95
4294967294,42
4294967294,417
4294967294,206
4294967294,81
4294967294,67
4294967294,12
4294967294,471
4294967294,25
4294967294,26
4294967294,68
4294967294,11
4294967278,562
4294967278,132
4294967278,131
4294967278,130
4294967278,129
4294967278,128
4294967278,127
4294967278,126
4294967278,125
4294967278,124
4294967278,123
4294967278,122
4294967278,121
4294967278,120
4294967278,119
4294967278,118
4294967278,117
4294967278,116
4294967278,115
4294967278,114
4294967278,113
4294967278,112
4294967278,111
4294967278,110
4294967278,109
4294967278,108
4294967278,107
4294967278,106
4294967278,105
4294967294,7
4294967278,104
4294967278,103
4294967278,102
4294967278,101
4294967278,100
4294967278,99
4294967278,98
4294967278,97
4294967278,96
4294967278,95
4294967278,94
4294967278,93
4294967278,92
4294967278,91
4294967278,90
4294967278,89
4294967278,87
4294967278,86
4294967278,85
4294967278,84
4294967278,83
4294967278,82
4294967278,81
4294967278,80
4294967278,79
4294967278,78
4294967278,77
4294967278,76
4294967278,75
4294967278,74
4294967278,73
4294967278,72
4294967278,71
4294967278,70
4294967278,69
4294967278,68
4294967278,67
4294967278,66
4294967278,65
4294967278,64
4294967278,63
4294967278,62
4294967278,61
4294967278,60
4294967278,59
4294967278,58
4294967278,57
4294967278,56
4294967278,53
4294967278,52
4294967278,50
4294967278,49
4294967278,48
4294967278,47
4294967278,46
4294967278,45
4294967278,44
4294967278,43
4294967278,41
4294967278,40
4294967278,39
4294967278,38
4294967278,37
4294967279,21
4294967279,17
4294967279,16
4294967279,14
4294967279,9
4294967279,8
4294967279,7
4294967279,6
4294967278,55
4294967278,560
4294967278,54
4294967278,561
4294967278,51
132,4
4294967279,160
132,3
132,2
132,1
4294967294,1045
4294967278,42
131,4
131,3
131,2
131,1
130,4
130,3
130,2
130,1
129,4
129,3
129,2
129,1
128,4
128,3
128,2
128,1
4294967279,144
127,4
127,3
127,2
127,1
4294967279,139
4294967278,559
126,6
4294967279,23
126,5
126,4
126,3
126,2
126,1
125,5
4294967279,13
125,4
125,3
125,2
125,1
4294967279,286
4294967279,10
124,5
124,4
124,3
124,2
124,1
4294967279,5
4294967279,4
123,4
123,3
123,2
123,1
4294967279,377
4294967294,195
4294967294,198
4294967294,199
4294967294,173
4294967279,255
4294967278,253
4294967279,250
4294967279,249
121,5
4294967279,246
4294967278,244
121,4
4294967279,244
121,3
121,2
121,1
4294967279,242
4294967278,237
4294967279,376
4294967279,234
4294967278,233
4294967294,183
4294967294,397
4294967294,184
4294967294,456
4294967294,391
4294967279,227
4294967278,219
4294967279,375
4294967294,5
4294967279,373
4294967279,210
4294967279,374
4294967278,565
4294967278,564
4294967279,372
4294967279,371
4294967279,197
4294967279,192
4294967278,190
120,4
120,3
120,2
120,1
4294967279,190
4294967294,474
119,4
4294967279,187
119,3
119,2
119,1
4294967279,186
4294967279,185
4294967279,184
118,4
118,3
118,2
118,1
4294967278,181
4294967279,182
4294967279,181
117,4
4294967279,180
117,3
117,2
117,1
4294967278,177
4294967279,177
116,4
116,3
116,2
116,1
4294967279,176
4294967279,175
4294967279,173
115,4
115,3
115,2
115,1
4294967294,473
4294967279,367
114,6
4294967294,395
4294967294,160
4294967294,164
4294967294,110
4294967294,119
4294967279,366
114,5
114,4
114,3
114,2
114,1
4294967294,192
113,5
4294967278,156
113,4
4294967278,155
113,3
113,2
113,1
4294967279,154
4294967278,151
112,5
4294967278,150
112,4
112,3
112,2
112,1
4294967279,148
0,5
4294967278,142
4294967279,141
111,4
111,3
111,2
111,1
4294967278,276
4294967279,136
109,5
109,4
109,3
109,2
109,1
4294967278,269
4294967279,364
4294967279,365
4294967278,267
4294967294,6
4294967278,280
4294967279,287
4294967278,555
4294967278,556
4294967279,363
4294967278,279
4294967279,362
4294967279,285
4294967278,554
